
test1
    test11
        test111
test2
    test22
test3
    test32
        test332
    test33
        test333
